$ANSIBLE_VAULT;1.1;AES256
32633835303636623264646635313866613966323933373835656532346131613765653735636130
6631613633333464313132306339346262663361396335650a336639633539373339343031383666
37626363396337336431623838626439376361386632393939636666313865303163656366383039
3262356164356366330a383336323561653961613165386462313132326238616633383864396334
30643565303433636239643034343565313061393637663365373732663363326237643933613335
39306335623738633163636365623339336638323265306637656138633062356330373366623662
30306261643233616262363339373034623831353963363764363162333864613632386239363765
61363030653962313462653139386538333537616334363561643738386333646437333735653164
39393539666266303238376139303035326530623637373735396435356239326637653761336635
66303735383737643831646232643336363832316437643435373138376263656532633030633634
39393734386339633863343235653734626331656435623564333433633462386461646238343434
31313165306366623637393033343330623930373232653837303437616631363361373734626633
62383133353632346233383231333936636235373261383535353936383637323962343437616134
38653563333637613831353062323237386362663266653832633233353566623863656338326532
34643666353862646135633162636131323632383333633939653039656265346366623832386166
35326139306462303532313661663865666437356666646266616133613739646332363237313931
61633233396235396664343230633864653065643561646138626530326132656666353964643231
62346463373236653435653835363465343834663361363336666533626130393637313330653565
62343135376265386532343439313161643662636330613134653464636336383037383432663637
35303930323939383237613630303631633665393239653430333733393237343831343435633435
39616535363334303465336539336532386562356230393266356162623439376561626134666336
30353339373739633437616132653262333739313265343865633632323162643130383431376436
34616433333065656630366634323463343533663133396461626364623735343930653330313465
39353731346430363561303464663664643138356535376439623964323236616131346263323139
62383166626535313639653833623464633165376538366230666565616163613832393763613135
33353865343663383430656333643431616664623235643561376438396333653032373835366330
33346230363337656437633662313362646263666165376132633563363835656637323035613764
35326438303733653166343362343234343631366338626138363237323334656438343364383537
33336562363238653761343230343736393039333339313164316331336366386230643735306463
31616133623336343463643963333264653666323534373736383932396136613539333637306134
63373163356331373439636333643930396131353038373137653061343833373036613430616164
34616465343934616232623239633630633932623736393934396465306464303662616333663339
65343236303437323138353434336439333839353266653363643564666465623132316130653933
65313563363765363534613066363738336636393139316138393239663837643031306139306134
32376562636337356539333330303639316339383936376430643437666639656235613866373763
64323639323236346162333661633162653433616536333732383235663630653165313939643665
35396236303266336165333633383536313865366631666339366532636235313062366632356161
63333462653264363838616434663632646431303832613737656632353332353863623366626565
61373061376538386439373133663837346536386564613265383162616164316161646339326263
33333635343862643834643830363865373539313237376533343864393738346336306265323939
62356438356665356337373962303061663632663539323261363237333861303734303237353135
32376433643935646330306639623335333364656665303632646534336134396436343436373136
61323665636638353130376533626565313834343966396533343065633938643661366331323262
38663365643739626234363835306436396364303130376334313264646536356337336130333337
62303833656438373434386266303963343935373035653135306637326531626233656636626237
37623636386136613034396638626262643730663561363734643739386363633164346464303265
30633238663839343735323734353033393462343835356666366564663332333265623833366165
61303438396566323934326235323036643163306361336634336161313764353964356635313162
32363033613161313334343166363164343633666537376339366163343465366138373964656530
35306162653934373832343838396637303939323163663931343037393963386465633731396134
35333731653531653039653236363732346161646335316565343239616235633932653837333461
65353964613261303134643032646166353430393731643835333563623364373030666435356338
30373632626530376339393730393230313135646263616538316537643934643534373765373961
33383363663735313763653861623034366337656465666138613866313739373632383364303362
38643439366264373835366336633866336632616638383337663362633630383166376434616637
30613239383932393833613465383965323365336138333838326465323330383763353833633836
62303966376230663738626365373934393063386538623161343838636163626462393033346134
38623263346134333138353266623465666265373061323265346664613130663561623864636130
35623635363735363535353865663662323162616534373237363839363063623832333264353839
33623232303438373265306132623362366530346334353238353338643864666532616132373266
66313634633431626662376535303536323861666263626163666363386536653562636638336130
66636463336437303139646635316666306464353663343832643135346337653064616436393631
39326638636339613965356465626634626136306534356564363666306466643639333162633066
31393334343361323161
